


#1
J P.NEXT
J + VN N.B J 60
I2M.NT# 1 J 100 150

#2

#3

#4

#5

#6

#7
EV Y: J P.NEXT
J P.HERE; K % J 100; Y / J 100
K + VN N.B K 24
I2M.NT# 5 K 100 200

#8

#N

#O

#Q
J ER 2 32 T
K RRND 80 110
IF J: I2M.NT# 10 48 K 200

#R
J ER 1 32 - T 28
J | J ER 1 32 - T 4
K RRND 70 90
IF J: I2M.NT# 10 49 K 150

#S
J ER 16 32 T
K RRND 50 70
IF J: I2M.NT# 10 50 K 100

#T

#U
IF NZ T: @MOVE 0 1
I2M.C.TRP 7 PN 0 @Y; J PN 3 49
I2M.C.B 7 PN J + PN 1 @Y 48
I2M.C.INV 7 PN 2 @Y
I2M.C+ 7 PN 3 @Y; J PN 3 53
IF J: I2M.C# 3 7 + 60 Z 127

#V
K / I1 100; H % I1 100
J / I2 100; J ? J J 1
K ER H % I2 100 - / P 56 J K
&& ! % P 56 J K

#W
P 59 0; J $F2 16 P 16 P 17
J | J $F2 16 P 18 P 19
J | J $F2 16 P 20 P 21
IF J: P.+ 57 1; P 59 1
P 58 / P 57 P.L
J

#X
P.+ 56 1; J P 56; K + J 1; H 0
H | H $F 17
IF H: $ + * P.N 2 1
IF EQ K P 23: P 56 -1; P.I -1
IF EQ K P 22: P 57 -1

#Y
J + 23 PN 3 50; @X 3; @Y 24
@F 0 24 3 J; @WRAP 1; @SHOW 1
L 1 8: PRT I 0; Q.CLR
I2M.C.V~ 7 5 90 100
I2M.TIME * M PN 3 51
TR 5 ! M.ACT

#Z
Z PN 3 48
J PN PN 3 49 48
I2M.C.B 8 J; I2M.C.SC 0 8
N.B Z J

#M
IF ! % T 0: TR.P 4
IF ! % T PN 3 52: $ 15
L 0 3: P.N I; $ 18
$ 9; $ 10
$ 11; $ 12; $ 13
T + T 1

#I
SYNC -1; JF.MODE 1; $ 20; $ 19
L 0 3: PN.I I -1; PN I 58 -1
L 0 3: PN I 56 -1; PN I 57 -1
A 0; B 0; C 0; D 0; M.RESET
X 0; Y 0; T 0; M / BPM 105 4
TR.TIME 4 / M 4; M.ACT ! M.ACT

#P
4	4	4	4	4	4	4	4
1	1	1	1	1	1	1	1
0	0	0	0	0	0	0	0
63	63	63	63	63	63	63	63

1	1	1	808	1	1	1	1
1	1	1	808	1	1	1	1
1	1	1	808	1	1	1	1
1	1	1	808	1	1	1	1
0	0	0	0	0	0	0	0
0	0	0	0	0	0	0	0
0	0	0	0	0	0	0	0
0	0	0	0	0	0	0	0
0	0	0	0	0	0	0	0
0	0	0	0	0	0	0	0
0	0	0	0	0	0	0	0
0	0	0	0	0	0	0	0
0	0	0	0	0	0	0	0
0	0	0	0	0	0	0	0
0	0	0	0	0	0	0	0
0	0	0	0	0	0	0	0
1	0	0	1	0	0	0	0
4	0	0	8	0	0	0	0
0	0	0	0	0	0	0	0
0	0	0	0	0	0	0	0
0	0	0	0	0	0	0	0
0	0	0	0	0	0	0	0
-1	-1	-1	-1	-1	-1	-1	-1
-1	-1	-1	-1	-1	-1	-1	-1
0	1	0	0	0	0	0	0
0	1	0	0	0	0	0	0
0	1	0	0	0	0	0	0
0	1	0	0	0	0	0	0
0	0	0	0	0	0	0	0
0	0	0	0	0	0	0	0
0	0	0	0	0	0	0	0
0	0	0	0	0	0	0	0
0	0	0	0	0	0	0	0
0	0	0	0	0	0	0	0
0	0	0	0	0	0	0	0
0	0	0	0	0	0	0	0
0	0	0	0	0	0	0	0
0	0	0	0	0	0	0	0
0	0	0	0	0	0	0	0
0	0	0	0	0	0	0	0
0	0	0	0	0	0	0	0
0	0	0	0	0	0	0	0
0	0	0	0	0	0	0	0
0	0	0	0	0	0	0	0
0	0	0	0	0	0	0	0
0	0	0	0	0	0	0	0
0	0	0	0	0	0	0	0
0	0	0	0	0	0	0	0
2741	1453	0	1	0	0	0	0
145	137	0	1	0	0	0	0
0	1161	0	4	0	0	0	0
0	0	0	32	0	0	0	0
0	0	0	32	0	0	0	0
0	0	0	0	0	0	0	0
0	0	0	0	0	0	0	0
0	0	0	0	0	0	0	0
-1	-1	-1	-1	-1	-1	-1	-1
-1	-1	-1	-1	-1	-1	-1	-1
-1	-1	-1	-1	-1	-1	-1	-1
0	0	0	0	0	0	0	0
0	0	0	0	0	0	0	0
0	0	0	0	0	0	0	0
0	0	0	0	0	0	0	0
0	0	0	0	0	0	0	0

#G
0000000000000000
0000000000000000
0000000000000000
0000000000000000
0000000000000000
0000000000000000
0000000000000000
0000000000000000
0000000000000000
0000000000000000
0000000000000000
0000000000000000
0000000000000000
0000000000000000
0000000000000000
0000000000000000

0	0	0	0	0	0	0	0	0	0	0	0	0	0	0	0
0	0	0	0	0	0	0	0	0	0	0	0	0	0	0	0
0	0	0	0	0	0	0	0	0	0	0	0	0	0	0	0
0	0	0	0	0	0	0	0	0	0	0	0	0	0	0	0
